325000
425000
475000
500000
525000
550000
575000
625000
650000
700000
725000
850000
1175000
1275000
1300000
1350000
1425000
1475000
1500000
1550000
1575000
1650000
1675000
1700000
1750000
1775000
1850000
1900000
1925000
1950000
1975000
2000000
2025000
2050000
2075000
2100000
2125000
2150000
2175000
2200000
2225000
2250000
2275000
2350000
2375000
2400000
2525000
2550000
2575000
2675000
2975000
3000000
3025000
3250000
3300000
3325000
3350000
3375000
3400000
3425000
3450000
3500000
3525000
3550000
3600000
3625000
3675000
3700000
3725000
3750000
3775000
3800000
3825000
3875000
3925000
3950000
3975000
4000000
4025000
4025000
4025000
4025000
4025000
4025000
